1.011325950772074179e+03
1.014116703408570629e+03
1.012316619909976680e+03
1.010472698626968054e+03
1.011190851867718266e+03
1.015584421825313825e+03
1.017196365557892136e+03
1.019175530922260918e+03
1.016845519915753584e+03
1.015074991918084947e+03
1.012100000000002751e+03
1.010533733033191083e+03
1.008800000000002001e+03
1.014029574160226844e+03
1.010100000000002296e+03
1.013517720641747587e+03
1.013535576427427145e+03
1.014903983312722403e+03
1.011500000000002615e+03
1.012000000000002728e+03
1.007600000000001728e+03
1.013337935431628125e+03
1.011031180570454012e+03
1.012838411093983268e+03
1.013238698609429207e+03
1.010500000000002387e+03
1.014524720687753984e+03
1.009600000000002183e+03
1.010300000000002342e+03
1.010000000000002274e+03
1.011600000000002638e+03
1.009700000000002206e+03
1.018877637659421453e+03
1.011829587120542215e+03
1.012765212190684906e+03
1.013027766888565338e+03
1.015027798180763170e+03
1.014387015445434940e+03
1.016120347103995073e+03
1.013083325956295539e+03
1.012929632032038626e+03
1.007600000000001728e+03
1.010261905300272929e+03
1.011000922502533399e+03
1.016543762088527046e+03
1.010600000000002410e+03
1.008300000000001887e+03
1.012300000000002797e+03
1.010800000000002456e+03
1.017309207561841504e+03
1.011963345190748100e+03
1.009200000000002092e+03
1.013284054145842561e+03
1.016022467798626280e+03
1.011100714246130906e+03
1.011000000000002501e+03
1.011200000000002547e+03
1.009000000000002046e+03
1.014751845153691193e+03
1.010700000000002433e+03
1.012000000000002728e+03
1.009600000000002183e+03
1.014660007074629334e+03
1.011500000000002615e+03
1.012617353725699104e+03
1.006300000000001432e+03
1.009422178043214672e+03
1.010557183281185303e+03
1.012576061741723606e+03
1.012553763779615224e+03
1.016565761498336997e+03
1.013363235571331415e+03
1.018278566911237704e+03
1.012884637416121109e+03
1.011063833118244588e+03
1.015424517453531848e+03
1.011900000000002706e+03
1.016054947277721794e+03
1.016984787222464433e+03
1.016487932449547429e+03
1.010300000000002342e+03
1.009000000000002046e+03
1.013966521797584278e+03
1.017881927300098141e+03
1.011300000000002569e+03
1.018201531265339327e+03
1.012673333395016698e+03
1.013389183997212058e+03
1.009919150429553952e+03
1.012190272212635591e+03
1.011614926771790351e+03
1.009800000000002228e+03
1.014720531662190751e+03
1.010400000000002365e+03
1.008100000000001842e+03
1.010671294949432763e+03
1.013174595762454146e+03
1.010900000000002478e+03
1.013948338333756965e+03
1.009300000000002115e+03
1.010500000000002387e+03
1.012991555306177816e+03
1.016110578268003337e+03
1.009400000000002137e+03
1.012945420483066982e+03
1.009652185077711124e+03
1.010100000000002296e+03
1.008000000000001819e+03
1.013952300074625327e+03
1.011800000000002683e+03
1.012528103329481723e+03
1.020550391094933843e+03
1.008800000000002001e+03
1.009700000000002206e+03
1.010900000000002478e+03
1.009400000000002137e+03
1.015537877661021071e+03
1.015330428240526203e+03
1.015272369647423147e+03
1.018584142287915938e+03
1.013319171155981735e+03
1.016918438654339639e+03
1.016896136781719065e+03
1.008500000000001933e+03
1.013735764279460568e+03
1.007300000000001660e+03
1.012404144400828727e+03
1.011770819846444738e+03
1.010202927906488185e+03
1.016751512521110158e+03
1.011487977997414646e+03
1.009300000000002115e+03
1.011604189940446872e+03
1.013810469301309126e+03
1.020855823331611759e+03
1.018707055072708954e+03
1.016112862949094506e+03
1.011400000000002592e+03
1.013376141472822496e+03
1.014294997725832900e+03
1.012205256018012165e+03
1.011949848082632457e+03
1.015585528874646343e+03
1.016453109934144550e+03
1.008800000000002001e+03
1.013426595635228978e+03
1.016646438532670004e+03
1.015481051328796184e+03
1.011100000000002524e+03
1.011600000000002638e+03
1.016932241242429427e+03
1.022865962723967641e+03
1.010455650070666366e+03
1.012544587715225020e+03
1.019952524019706516e+03
1.012100000000002751e+03
1.015195867063696369e+03
1.014864306972459190e+03
1.011402351265688935e+03
1.018035815336727183e+03
1.014087975724498733e+03
1.015395145482282601e+03
1.010800000000002456e+03
1.009300000000002115e+03
1.009900000000002251e+03
1.010400000000002365e+03
1.010800000000002456e+03
1.010800000000002456e+03
1.013513442261325281e+03
1.010100000000002296e+03
1.013164796417489129e+03
1.017001417566005898e+03
1.013758641793227184e+03
1.013267037706627434e+03
1.008381632368855321e+03
1.007800000000001774e+03
1.013214112748315642e+03
1.010576060169923835e+03
1.009700000000002206e+03
1.010600000000002410e+03
1.014775814865260600e+03
1.008800000000002001e+03
1.016239561887645209e+03
1.011474371855508139e+03
1.007200000000001637e+03
1.016074840432250767e+03
1.008765070654913757e+03
1.011200000000002547e+03
1.011100000000002524e+03
1.011700000000002660e+03
1.010924055007120387e+03
1.011074389151639934e+03
1.013312540106456368e+03
1.010600000000002410e+03
1.012374573935654894e+03
1.019052385886401566e+03
1.010000000000002274e+03
1.008000000000001819e+03
1.010100000000002296e+03
1.016936175542766705e+03
1.016189158657091298e+03
1.011623924140544773e+03
1.011900000000002706e+03
1.009154460742508945e+03
1.013943607919540455e+03
1.013084963746505764e+03
1.009100000000002069e+03
1.009482639513548634e+03
1.008900000000002024e+03
1.015141221145182726e+03
1.011600000000002638e+03
1.011507778709592003e+03
1.013945290474641411e+03
1.014473367856543405e+03
1.015129887032924444e+03
1.018085256515520200e+03
1.010899063205122843e+03
1.017700492384811696e+03
1.013618702648758813e+03
1.009300000000002115e+03
1.012200000000002774e+03
1.013993426486179374e+03
1.014386600822302853e+03
1.009947741817581345e+03
1.010957873448395844e+03
1.016839488781689624e+03
1.012899247198992498e+03
1.010700000000002433e+03
1.009300000000002115e+03
1.011000000000002501e+03
1.009400000000002137e+03
1.019215607583642964e+03
1.008300000000001887e+03
1.011098479423665935e+03
1.017601821628026983e+03
1.009700000000002206e+03
1.014972282954604452e+03
1.016137200320284364e+03
1.006900000000001569e+03
1.010100000000002296e+03
1.017756557644254372e+03
1.009900000000002251e+03
1.013742714713923760e+03
1.012254782299886756e+03
1.012547856763082336e+03
1.010187500865140919e+03
1.012204522586023245e+03
1.016579650977012989e+03
1.015236639785466991e+03
1.014680149901015398e+03
1.009600000000002183e+03
1.011581594078821922e+03
1.016608478611397800e+03
1.011218632333659912e+03
1.009900000000002251e+03
1.010700000000002433e+03
1.019519312570666898e+03
1.015850295849367626e+03
1.013236632663728074e+03
1.010200000000002319e+03
1.013936500116153297e+03
1.017757259452993935e+03
1.010019013543047436e+03
1.010900000000002478e+03
1.009200000000002092e+03
1.011800000000002683e+03
1.011693204889902177e+03
1.008300000000001887e+03
1.014102381033136339e+03
1.014067833360912800e+03
1.016506957464328252e+03
1.015492904697689710e+03
1.013587177588413624e+03
1.018125701372218259e+03
1.012819509151402372e+03
1.008936164429401060e+03
1.017037015346977455e+03
1.013260364742103548e+03
1.008300000000001887e+03
1.012727336069506919e+03
1.014265505341423477e+03
1.012711442002331182e+03
1.014897276692046944e+03
1.014810491734644074e+03
1.011835653423780286e+03
1.009146242532779411e+03
1.010900000000002478e+03
1.017345186424836584e+03
1.011300000000002569e+03
1.010400000000002365e+03
1.014832452386495561e+03
1.013574865168061592e+03
1.007400000000001683e+03
1.011100000000002524e+03
1.009800000000002228e+03
1.014492149968661465e+03
1.016080075162264961e+03
1.011700000000002660e+03
1.014448665099321829e+03
1.012170949730127631e+03
1.016755447176860002e+03
1.014930677240574255e+03
1.012144216540315142e+03
1.018289412622869918e+03
1.012731764058210388e+03
1.014041892571451399e+03
1.011704239733511599e+03
1.014247138300380584e+03
1.011500000000002615e+03
1.010200000000002319e+03
1.012949177238884090e+03
1.009300000000002115e+03
1.012360040894168151e+03
1.009300000000002115e+03
1.016707508578214743e+03
1.007800000000001774e+03
1.016148999618599760e+03
1.011500000000002615e+03
1.012420789811131726e+03
1.019493485007133586e+03
1.008200000000001864e+03
1.009600000000002183e+03
1.008700000000001978e+03
1.015342184240149436e+03
1.012047539338651177e+03
1.012135199085601471e+03
1.013426117177903279e+03
1.015645818825177685e+03
1.017493027000416873e+03
1.015691899703912895e+03
1.009514333404737840e+03
1.010002794803301867e+03
1.009400000000002137e+03
1.016190405346804141e+03
1.011200000000002547e+03
1.010500000000002387e+03
1.009100000000002069e+03
1.011100000000002524e+03
1.015086578900210611e+03
1.013771157011479318e+03
1.013119449555875349e+03
1.010900000000002478e+03
1.019022929786499731e+03
1.008400000000001910e+03
1.016497114503772650e+03
1.016364135291400999e+03
1.015266894925618544e+03
1.009800000000002228e+03
1.009059345830683810e+03
1.009279038444351613e+03
1.009819277024333587e+03
1.008800000000002001e+03
1.018464854884045849e+03
1.011700000000002660e+03
1.018953262151550689e+03
1.008700000000001978e+03
1.012588730798022084e+03
1.010260146036484002e+03
1.010100000000002296e+03
1.008330944417141154e+03
1.009900000000002251e+03
1.009200000000002092e+03
1.008400000000001910e+03
1.011600000000002638e+03
1.011100000000002524e+03
1.011714419419242631e+03
1.009500000000002160e+03
1.017079299663469328e+03
1.009400000000002137e+03
1.016760615945986046e+03
1.013159664346646991e+03
1.018623090069606860e+03
1.013717744571513435e+03
1.009800000000002228e+03
1.013408864830699599e+03
1.011300000000002569e+03
1.014822450239561022e+03
1.010925443010245658e+03
1.010700000000002433e+03
1.015976852106777073e+03
1.009900000000002251e+03
1.009300000000002115e+03
1.019201086627892437e+03
1.008800000000002001e+03
1.011704889840446299e+03
1.014829653235261048e+03
1.009400000000002137e+03
1.018822599827140493e+03
1.011653386536049311e+03
1.009800000000002228e+03
1.017010642639043340e+03
1.010029761494767854e+03
1.010800000000002456e+03
1.010400000000002365e+03
1.011026544748677338e+03
1.008479416958375850e+03
1.015002795315487560e+03
1.009500000000002160e+03
1.014182516787042800e+03
1.011700000000002660e+03
1.014189160421484985e+03
1.015657540527572223e+03
1.014150489388339793e+03
1.013164702945710587e+03
1.014834102036779655e+03
1.008800000000002001e+03
1.015569273483548727e+03
1.010000000000002274e+03
1.011100000000002524e+03
1.011164397120702574e+03
1.014430946573449546e+03
1.015404148648513910e+03
1.012200000000002774e+03
1.016867556145990307e+03
1.017401143010745386e+03
1.011300000000002569e+03
1.016946692574468671e+03
1.009175411579883871e+03
1.008200000000001864e+03
1.011259966958162295e+03
1.009400000000002137e+03
1.009300000000002115e+03
1.007400000000001683e+03
1.011319998844274551e+03
1.010946921547618558e+03
1.013411940143661013e+03
1.015894843082719831e+03
1.011400000000002592e+03
1.016642622892052827e+03
1.010200000000002319e+03
1.010700000000002433e+03
1.009800000000002228e+03
1.009300000000002115e+03
1.012100000000002751e+03
1.016614207046244360e+03
1.017737186078400782e+03
1.019482596123522740e+03
1.016945511277298237e+03
1.012015689609613105e+03
1.011551837049348592e+03
1.012626099678286664e+03
1.015185149388184982e+03
1.014039636588556959e+03
1.009500000000002160e+03
1.015369399926768097e+03
1.012166324552486230e+03
1.015745025018049887e+03
1.007800000000001774e+03
1.016036576643525450e+03
1.011900000000002706e+03
1.011810193698274247e+03
1.010900000000002478e+03
1.016608851485253695e+03
1.016606438705343749e+03
1.009500000000002160e+03
1.016275453018868461e+03
1.015149658984384132e+03
1.013665381510290217e+03
1.016032318436537594e+03
1.018803049740187362e+03
1.010900000000002478e+03
1.008000000000001819e+03
1.018466384866911540e+03
1.010100000000002296e+03
1.011344844806938795e+03
1.012000000000002728e+03
1.017764659306459293e+03
1.016126468892819275e+03
1.010802099007167271e+03
1.010800000000002456e+03
1.018768086743613253e+03
1.007500000000001705e+03
1.009233512060439921e+03
1.015950993067053901e+03
1.011323508181049533e+03
1.011200000000002547e+03
1.016248809380748185e+03
1.012177470074076382e+03
1.014392744969593764e+03
1.010100000000002296e+03
1.020267960540513400e+03
1.015064145009119216e+03
1.011400000000002592e+03
1.009500000000002160e+03
1.014179745601413742e+03
1.012043501834366452e+03
1.009900000000002251e+03
1.015019258982122665e+03
1.010043775479183637e+03
1.011000000000002501e+03
1.011213702459234923e+03
1.013752065127375204e+03
1.016778859742350051e+03
1.011003969702246536e+03
1.012265002791040388e+03
1.012921572434221162e+03
1.017835885562671820e+03
1.015935129735471264e+03
1.008700000000001978e+03
1.011568852333332870e+03
1.010817794928633475e+03
1.009795237917075269e+03
1.012961711780709948e+03
1.018357915378111215e+03
1.014273498799817276e+03
1.011099440259740959e+03
1.012184394260498379e+03
1.010178404748776188e+03
1.015250177128866426e+03
1.013573930371384563e+03
1.016043093589198747e+03
1.019598055119773903e+03
1.010994585707254373e+03
1.010300000000002342e+03
1.017068141765080895e+03
1.016989426496671740e+03
1.013323417776002543e+03
1.016610331433413080e+03
1.010400000000002365e+03
1.011831005044522044e+03
1.009858674584159189e+03
1.015976179133154915e+03
1.013318874037459977e+03
1.012521515359148225e+03
1.014519488837014364e+03
1.010500000000002387e+03
1.016358017834274506e+03
1.010900000000002478e+03
1.016436341971681486e+03
1.014974951217259218e+03
1.009600000000002183e+03
1.011273055370776092e+03
1.013493893935149799e+03
1.017292366011237164e+03
1.015604381266308110e+03
1.018111365047442064e+03
1.019367346675978183e+03
1.014891612017411830e+03
1.011600000000002638e+03
1.011000000000002501e+03
1.008900000000002024e+03
1.010800000000002456e+03
1.015037351009793611e+03
1.013791742658693352e+03
1.010655736574003072e+03
1.016470000306140946e+03
1.010400000000002365e+03
1.011076499800079318e+03
1.014810880183495783e+03
1.010700000000002433e+03
1.007900000000001796e+03
1.012300000000002797e+03
1.018164915117707665e+03
1.012419593020395496e+03
1.020209680412184298e+03
1.014347997551101571e+03
1.011089592796485249e+03
1.014664981155585110e+03
1.012000000000002728e+03
1.016008418701914707e+03
1.009500000000002160e+03
1.013785808029147347e+03
1.009959461716978694e+03
1.010700000000002433e+03
1.010900000000002478e+03
1.011500000000002615e+03
1.018371029544839416e+03
1.013633978396769521e+03
1.016739067936449487e+03
1.013638653877913839e+03
1.013468269789478200e+03
1.010200000000002319e+03
1.014726621409789459e+03
1.007900000000001796e+03
1.012388300468306056e+03
1.012000000000002728e+03
1.018595878908057671e+03
1.016361851304411744e+03
1.010137082649766967e+03
1.008500000000001933e+03
1.014670920827346436e+03
1.012082401972987441e+03
1.014937466197644653e+03
1.008900000000002024e+03
1.012890605420203315e+03
1.013110067404016831e+03
1.011747438209992538e+03
1.016794186977928462e+03
1.010000000000002274e+03
1.012362285858458677e+03
1.017294170485064114e+03
1.018366924733657356e+03
1.013834164825227276e+03
1.011685238987800858e+03
1.012291466563441759e+03
1.009300000000002115e+03
1.009700000000002206e+03
1.015840335646570452e+03
1.009761953319893337e+03
1.008400000000001910e+03
1.014584380966681238e+03
1.015851280807630474e+03
1.014136615122460398e+03
1.008600000000001955e+03
1.010200000000002319e+03
1.015904858589837886e+03
1.012980489400341526e+03
1.009500000000002160e+03
1.011153622248470583e+03
1.009300000000002115e+03
1.007700000000001751e+03
1.006900000000001569e+03
1.006100000000001387e+03
1.015368245415239812e+03
1.006700000000001523e+03
1.009800000000002228e+03
1.017879358704997230e+03
1.018484087192953666e+03
1.017964748675978967e+03
1.017001743980179867e+03
1.010100000000002296e+03
1.008000000000001819e+03
1.015532248827697117e+03
1.017930716284909408e+03
1.007900000000001796e+03
1.008300000000001887e+03
1.009434672970300539e+03
1.006600000000001501e+03
1.010100000000002296e+03
1.014755929997669568e+03
1.011237570205263523e+03
1.015138534303763890e+03
1.008300000000001887e+03
1.014620196955203369e+03
1.012307029138981306e+03
1.012786593496216256e+03
1.009909802677461926e+03
1.016941557556534462e+03
1.010400000000002365e+03
1.010700000000002433e+03
1.013788897871370978e+03
1.013294121162736587e+03
1.014582418392520140e+03
1.013927807041694905e+03
1.010300000000002342e+03
1.017310920157260512e+03
1.017816029558950959e+03
1.009700000000002206e+03
1.011244272187207685e+03
1.009013529272136452e+03
1.016482848514685884e+03
1.019755825406653457e+03
1.015482593787466726e+03
1.012321769973231085e+03
1.013224763573519454e+03
1.012381426265804862e+03
1.010300000000002342e+03
1.009393970045577248e+03
1.011976546136295951e+03
1.013062490096079841e+03
1.017094317192280869e+03
1.012317233304995739e+03
1.013667149878049258e+03
1.016493808081933139e+03
1.018757143969184881e+03
1.008200000000001864e+03
1.015814025396749116e+03
1.013458890122507682e+03
1.010900000000002478e+03
1.020049343374865316e+03
1.014069488422099653e+03
1.009800000000002228e+03
1.011400000000002592e+03
1.008600000000001955e+03
1.015101954227478814e+03
1.011544646351749861e+03
1.015306358318302046e+03
1.011206752960944186e+03
1.010000000000002274e+03
1.016622508255144567e+03
1.017590387096202676e+03
1.013066753063275883e+03
1.011809962838984234e+03
1.008100000000001842e+03
1.014288193529467321e+03
1.010300000000002342e+03
1.015511698555867611e+03
1.018674202107903739e+03
1.011900000000002706e+03
1.008100000000001842e+03
1.015371254477070352e+03
1.015155684696048297e+03
1.017153909490562114e+03
1.015693223702722321e+03
1.013089888601626626e+03
1.011348206120008285e+03
1.011500000000002615e+03
1.013017087758799562e+03
1.010500000000002387e+03
1.012077069904339055e+03
1.010200000000002319e+03
1.009600000000002183e+03
1.014215400200395152e+03
1.015320840504065586e+03
1.007800000000001774e+03
1.013671211824734428e+03
1.007000000000001592e+03
1.008900000000002024e+03
1.018546449320881152e+03
1.015589806234559887e+03
1.009900000000002251e+03
1.017518118050759426e+03
1.016373086617556510e+03
1.013730464567988406e+03
1.011621415002670119e+03
1.017480671692977580e+03
1.012569248921243343e+03
1.014546606570970766e+03
1.006600000000001501e+03
1.012416017866979928e+03
1.011115431759560352e+03
1.008300000000001887e+03
1.008400000000001910e+03
1.016557124194126345e+03
1.012670531937000987e+03
1.012425852244822522e+03
1.010900000000002478e+03
1.013588628508481406e+03
1.009496480081762115e+03
1.015455501292180656e+03
1.015976303428316328e+03
1.011764458412897739e+03
1.020379847420564261e+03
1.011600000000002638e+03
1.014692765936447131e+03
1.011383250695270249e+03
1.010500000000002387e+03
1.020686407263667434e+03
1.011660499821998769e+03
1.011165250853180055e+03
1.020215149262383648e+03
1.010900000000002478e+03
1.010600000000002410e+03
1.019128277283994976e+03
1.011309468895855957e+03
1.020096598838593081e+03
1.017258463254250387e+03
1.011235083790120484e+03
1.015428842408721948e+03
1.014414572853235882e+03
1.015368413927917913e+03
1.008500000000001933e+03
1.016845764906956219e+03
1.009438611435498842e+03
1.011000000000002501e+03
1.016220491338360375e+03
1.007600000000001728e+03
1.011700000000002660e+03
1.014415440957166311e+03
1.014405629208391133e+03
1.013919454567296611e+03
1.010200000000002319e+03
1.016127502214376022e+03
1.016933542140802388e+03
1.009800000000002228e+03
1.010731989900106214e+03
1.012343541918867004e+03
1.013843173377508037e+03
1.010575013859021396e+03
1.010100000000002296e+03
1.010600000000002410e+03
1.012132173845416560e+03
1.012666675567073867e+03
1.015941306564176898e+03
1.009500000000002160e+03
1.014162200492874717e+03
1.011100000000002524e+03
1.008900000000002024e+03
1.014306022028607799e+03
1.007900000000001796e+03
1.015000308533732550e+03
1.010100000000002296e+03
1.011635561858570441e+03
1.013289276339087905e+03
1.011200000000002547e+03
1.015581407560004322e+03
1.012889767890526286e+03
1.015383471296817788e+03
1.012087387303438391e+03
1.010100000000002296e+03
1.008520836561798433e+03
1.009737488415222174e+03
1.010800000000002456e+03
1.014110383150104553e+03
1.011400000000002592e+03
1.016042683933230933e+03
1.013078582645148686e+03
1.012849468970151975e+03
1.011834351719730535e+03
1.008200000000001864e+03
1.010097025076168734e+03
1.010100000000002296e+03
1.009495003364257173e+03
1.012841822137684630e+03
1.010996162470282457e+03
1.010945882484456433e+03
1.010000000000002274e+03
1.014165914250168726e+03
1.012666779035460877e+03
1.011800000000002683e+03
1.008300000000001887e+03
1.010969881647369903e+03
1.018514408527006935e+03
1.009600000000002183e+03
1.014711982425750534e+03
1.012309514902834394e+03
1.011980593211201949e+03
1.011400000000002592e+03
1.015630231089168774e+03
1.015886948560105111e+03
1.014496251330498239e+03
1.015076891672026704e+03
1.016873331697406684e+03
1.011400000000002592e+03
1.012814417146031815e+03
1.012111682806001909e+03
1.016735758272123803e+03
1.012805901842431695e+03
1.011880200260258789e+03
1.011709973391323274e+03
1.009700000000002206e+03
1.013995060271320426e+03
1.009800000000002228e+03
1.015431332500468329e+03
1.011600000000002638e+03
1.008500000000001933e+03
1.011938992161869464e+03
1.010500000000002387e+03
1.010500000000002387e+03
1.012158076824400950e+03
1.011453951854711590e+03
1.014908767905519312e+03
1.010351770748162039e+03
1.010500000000002387e+03
1.011500000000002615e+03
1.010700000000002433e+03
1.007400000000001683e+03
1.014792227566702195e+03
1.013770333026473168e+03
1.017144989258965666e+03
1.012563284338030144e+03
1.012103567352836876e+03
1.007700000000001751e+03
1.010800000000002456e+03
1.010300000000002342e+03
1.010100000000002296e+03
1.011500000000002615e+03
1.008300000000001887e+03
1.013975122483561449e+03
1.009300000000002115e+03
1.009800000000002228e+03
1.016689137307648934e+03
1.009900000000002251e+03
1.012089557552176416e+03
1.010000000000002274e+03
1.009400000000002137e+03
1.011242465338887769e+03
1.009600000000002183e+03
1.013080792621576393e+03
1.013864479242398943e+03
1.016445193243546669e+03
1.011052571985075019e+03
1.009000000000002046e+03
1.008700000000001978e+03
1.012000000000002728e+03
1.011948834296987457e+03
1.011100000000002524e+03
1.008500000000001933e+03
1.011100000000002524e+03
1.012399307774502290e+03
1.014305673552283224e+03
1.012600000000002865e+03
1.017063459347422622e+03
1.008900000000002024e+03
1.011600000000002638e+03
1.018020424889789297e+03
1.018330406037873217e+03
1.013794480778131970e+03
1.010794833692684392e+03
1.011900000000002706e+03
1.018972555117664001e+03
1.011419439706880098e+03
1.015019726984941485e+03
1.014870899190631576e+03
1.010300000000002342e+03
1.016252255767129100e+03
1.011120958614874894e+03
1.010600000000002410e+03
1.008538343616226371e+03
1.014016514773217523e+03
1.015370346536944794e+03
1.009100000000002069e+03
1.011000000000002501e+03
1.010900000000002478e+03
1.013856542534846312e+03
1.011276745282600928e+03
1.014093835556516979e+03
1.016016376482934788e+03
1.017316656666187896e+03
1.016278203295003550e+03
1.012028442921222791e+03
1.012300000000002797e+03
1.014851477701913268e+03
1.014026143973064677e+03
1.010600000000002410e+03
1.010500000000002387e+03
1.013465478559459143e+03
1.013629910692353292e+03
1.012912838672122803e+03
1.010400000000002365e+03
1.011847299491813487e+03
1.011998739873265549e+03
1.012839515708485237e+03
1.010851003660794504e+03
1.016806150137481154e+03
1.012709041302837022e+03
1.009700000000002206e+03
1.009300000000002115e+03
1.013399248568059193e+03
1.017521179011060667e+03
1.011200000000002547e+03
1.016926644566442064e+03
1.011400000000002592e+03
1.009800000000002228e+03
1.015215240322505451e+03
1.020232195707434698e+03
1.016553565853290138e+03
1.017518028197010608e+03
1.011300000000002569e+03
1.014933467906405212e+03
1.012128742366342635e+03
1.011022573839720167e+03
1.010300000000002342e+03
1.013696610207548019e+03
1.011300000000002569e+03
1.010000000000002274e+03
1.017883547684315545e+03
1.010700000000002433e+03
1.020755031189003716e+03
1.016871433421684969e+03
1.014305380185099239e+03
1.014660993052074900e+03
1.015142013738349306e+03
1.014406152308257901e+03
1.021549174573261098e+03
1.009500000000002160e+03
1.016636238229035939e+03
1.016731663683763259e+03
1.008900000000002024e+03
1.013033887042141487e+03
1.012495747589930261e+03
1.012144893746322168e+03
1.018662508958438480e+03
1.016959368931972335e+03
1.018906415190219832e+03
1.009680356212184279e+03
1.009300000000002115e+03
1.015285641154153495e+03
1.013223145097305405e+03
1.016886629347275743e+03
1.008900000000002024e+03
1.009900000000002251e+03
1.011425126569530562e+03
1.012000000000002728e+03
1.011494130243872860e+03
1.015909029313171231e+03
1.014618127067499017e+03
1.008700000000001978e+03
1.014659458197220488e+03
1.010800000000002456e+03
1.015564009938338472e+03
1.014462896318828484e+03
1.014205851058238977e+03
1.011100000000002524e+03
1.015140625249728828e+03
1.009000000000002046e+03
1.017185477161167228e+03
1.015198988104505702e+03
1.010596992530599437e+03
1.015922596946612430e+03
1.010300000000002342e+03
1.008400000000001910e+03
1.009564003346572008e+03
1.008700000000001978e+03
1.007900000000001796e+03
1.016189911660733515e+03
1.007900000000001796e+03
1.015432822573153771e+03
1.012200000000002774e+03
1.018089279538883829e+03
